#class tools::wcsv::ntuple
#title TrackL
#separator 44
#vector_separator 59
#column double Labs
#column double Lgap
0,0
3873.45,0
781.647,0
0,0
0,0
0,0
0,0
